(4.33134164227951,3.0722723118104738)
(3.3984062581792047,4.520311817002551)
(1.777660331145721,3.764575752317265)
(0.9982137733812052,0.4068916638183617)
(3.1426653420679838,3.2768673809431483)
(1.1205784527197937,3.3908438308177313)
(2.016561302625103,3.2240214997836913)
(2.82332028975612,0.5210795634325577)
(3.0110945581187645,0.7376899300750822)
(2.5458473949905445,3.804096242232691)
(2.5757055591399807,0.08244042350984804)
(4.789433037019518,1.634249693600211)
(2.5620147368222375,1.4530007850807558)
(0.3557775810194641,1.393161237171943)
(0.16001179686654265,3.5535029464826726)
(1.2723418777923317,3.7100856018235544)
(3.6561865202613557,1.0495758570231706)
(3.88430748459624,1.8175400630215865)
(3.2914369356749833,3.741228234070317)
(4.980428372151997,3.757643695898543)
(4.054409175810386,1.6214147406132828)
(1.4742025515557282,3.564130466014685)
(0.9386703750207365,0.1123816662273236)
(2.6086806378020313,0.9610828657688214)
(2.436307397059432,2.2955215865564997)
(1.6942366678867693,1.1155054419995414)
(0.728101054392562,1.9994654864918076)
(3.753466500311567,2.736741668894476)
(4.368140064153281,2.886739596224629)
(1.6409202513437444,0.9117815936233925)
(1.5274308039714757,0.5230106055672384)
(4.396220200327914,2.5030264905212007)
(0.6846998015416667,3.681565293385251)
(0.7924397827118085,3.9716481630951286)
(2.9511297392879383,0.9365827816650157)
(4.875834932632782,3.4110099956198074)
(4.834844383888042,1.630421511973112)
(0.7710483448975353,1.887433311988918)
(1.8262030628792765,3.5995518707934426)
(2.2672707452142,2.7599583861328747)
(2.978644858968412,2.5067017763993005)
(1.158695094740123,1.8634412995616978)
(0.6749433439114477,0.26762142177828796)
(1.1126505013070487,4.74222975929087)
(3.56598377650768,3.271157724329247)
(3.7028485789844727,0.12367203612613731)
(1.0006498233203036,2.327754754853921)
(3.8947754958198306,2.7131063001164213)
(1.0510183547261387,0.741535955104019)
(0.5959251341164812,2.4890644157953172)
(2.52816173208757,2.149035174416001)
(3.315080981225391,0.16419867930513088)
(4.497624142747727,2.494877219470464)
(3.3455956220232896,0.8842418975672256)
(2.4107479059162613,1.560183909348276)
(1.0754583736606838,4.251152437930322)
(1.6205638036404069,1.0333282601582954)
(4.4740861277265935,2.8589301317223548)
(1.838089540422424,4.144274135875684)
(0.30470287075054836,0.17435715735491908)
(4.458055806552551,2.3263191333380364)
(3.6516588689765244,2.3871571385437393)
(1.6118505309679831,4.058919549334638)
(3.919131144382608,2.7398718605557875)
(3.8339319206808624,0.8125435930467556)
(4.245873094092461,0.6142540781967393)
(1.6868080377221446,4.041004590031349)
(2.0068616439583002,2.3136124393299666)
(1.167535630034603,3.9035706431458768)
(3.476995709388613,2.075634213978224)
(1.693014686139021,0.5063127186451793)
(1.5974788012477354,0.6499230075580242)
(2.5612440860638253,1.849641531641364)
(3.9245677042821447,3.230425151053078)
(2.4043549206472026,1.3661815035761293)
(1.3642953333121732,1.9103067558200093)
(4.29516575094853,0.31882056492329836)
(0.17966739560317802,2.643241624167107)
(4.746930420895282,0.8562710941004636)
(2.181072350442774,2.106742557440829)
(4.446812411002422,4.197978783385151)
(4.687338772707817,1.5642213713915503)
(3.711740203371381,2.065345213249312)
(1.6444496844541623,1.7156513110765814)
(4.401152203011461,4.215287362889663)
(1.6343380771838867,3.1896163932238704)
(2.765726668000709,0.7164838941761786)
(2.412621238580618,4.103642207693591)
(1.888247478997756,0.21628124977539465)
(4.982006345752652,2.7805018451405394)
(0.6511641072066005,3.643815372725732)
(3.561758021135117,1.7328109402745446)
(4.6452619682807565,2.9309688030185965)
(2.6689610564360544,3.880492726753278)
(4.626010258924054,2.522730673106113)
(1.387680243252683,1.893392828357291)
(0.8485969820751987,2.709142761368177)
(1.469959197872398,2.202687843967661)
(2.820072136675978,2.1303916358686332)
(1.0200975513447752,2.165563741039614)
(-2.212767614318029,-2.8421920982152042)
(-0.4863169823196073,-0.591234232885679)
(-2.7859244148073072,-3.5268717935290734)
(-1.646590188898297,-0.24480874385618467)
(-3.741169621084013,-2.974458809436889)
(-2.236661443540542,-4.584331861776826)
(-3.0214578596951287,-1.475263927840954)
(-2.6410097894714317,-3.590760975865906)
(-3.3884959806352724,-1.7490221548122715)
(-2.9505439104623408,-0.9162815384991846)
(-2.419517224684574,-4.294510473255095)
(-3.0548052321892873,-2.1580611790178654)
(-2.3340005474697674,-1.8605577690400459)
(-3.3283567558505096,-4.974403721260233)
(-0.04543911541354695,-4.526756670634645)
(-0.01974184051351413,-4.212608269832954)
(-3.7581878357751957,-1.955889561532023)
(-2.0352169896653853,-0.30793445850243406)
(-3.371865524815696,-1.8293441640042758)
(-4.361491482439766,-1.1814403669377493)
(-3.0327317618074017,-0.16231006889223354)
(-2.944904477638655,-2.7279324738219897)
(-2.4606139645806384,-3.43941741363116)
(-3.698513029137847,-0.9396059332648787)
(-0.968984944672146,-0.5380843971372129)
(-0.16657549054844567,-2.516198921306376)
(-2.7643391998287328,-3.7351876265833415)
(-3.577149880249963,-2.378011511722988)
(-3.03547577367313,-0.717224159243936)
(-4.5387341185348635,-3.7290664052869635)
(-3.8101430971453554,-2.8117589578899373)
(-4.985964202397798,-3.3960407892915416)
(-0.9516273192713903,-4.219655122006359)
(-0.11228200073322536,-1.335024088831862)
(-3.7504243589892097,-1.0910460860516062)
(-4.365679173759815,-1.128395492835338)
(-3.065919453080717,-3.3386222364199774)
(-1.307668588821732,-0.7960819475184694)
(-1.3955101307894697,-2.9962789944322656)
(-2.4686275512054956,-4.799283009449209)
(-3.1471842229959117,-3.261778249285867)
(-4.395392473405784,-2.4361092084572613)
(-1.3616516994142462,-0.8804322863898228)
(-3.5054978746285337,-2.2647957812961295)
(-1.6460133134055694,-4.697015307436045)
(-3.2957258583686624,-2.7313040306683316)
(-4.6294264251791235,-2.6351531594072855)
(-3.8713646823844057,-0.39111694657693763)
(-1.2727983648083825,-1.7617874833024716)
(-0.375153881397462,-3.53472848912395)
(-2.2016215447814584,-0.9844079099268999)
(-0.08581591517845044,-3.898957945774267)
(-3.5508377846944454,-0.8978109532965978)
(-0.24347926071769666,-2.3031055204455573)
(-2.130966178427877,-0.37374399161008987)
(-1.6394498371922546,-3.5255681767887195)
(-3.063725422053831,-4.062704330624372)
(-2.980966697955003,-4.9723800336194675)
(-1.6523145618397446,-4.465149327744437)
(-1.3119856539934682,-2.2779128431320657)
(-3.230218153833064,-1.6966509494540105)
(-1.6724760294413454,-4.594550802254686)
(-1.8726745659409256,-0.4063339653112402)
(-1.3393438581491968,-1.9144710318041986)
(-3.544813141452858,-2.7043342014479546)
(-4.477432451658582,-4.919663017999937)
(-1.5221361086275464,-2.492098825221844)
(-4.797125485355986,-1.8918418510721813)
(-2.0314407034562825,-4.003938550039144)
(-3.584700241300224,-2.4729710926460107)
(-0.4294976726727989,-2.3653200320933054)
(-2.358724747595397,-1.7996884833239695)
(-4.392647115368899,-1.6295850390409532)
(-2.322964053310108,-0.790107687444988)
(-2.4247760781246637,-2.906342891556865)
(-4.435567974029585,-2.5903701171357696)
(-4.412211137106356,-3.556409836284746)
(-1.9253653557298906,-4.606581524859969)
(-3.451959369610572,-0.644931776163889)
(-1.78372765817508,-4.797707537261202)
(-2.568458617847563,-4.593136571584368)
(-4.6335489162606684,-0.5151142918151874)
(-1.8432065964052136,-2.9348442627436993)
(-4.572792222671037,-0.10590694578443305)
(-4.070616342280419,-4.170467040264486)
(-0.18359284704599355,-3.200132780593731)
(-1.2428801895259394,-2.9096548493241903)
(-3.216209194670113,-1.7006889645486278)
(-3.04708753364604,-0.20993906098437765)
(-3.150839961910412,-1.9700483055996538)
(-0.0698787381231214,-4.5755804565080815)
(-3.476197338872342,-4.62295278197681)
(-0.01223846985898891,-0.5711537383865084)
(-2.2963028833497816,-4.054969370171461)
(-0.6501546344339709,-2.5570987781664845)
(-3.3469857263734704,-4.52160070590851)
(-2.8592657265746575,-2.254117300812558)
(-1.5639549272670021,-0.6435885894149579)
(-3.100916391682658,-2.546648511250174)
(-2.0067673233259176,-1.1426005675121846)